9999999.8147 9999999.9134 9999999.2785 9999999.9649 9999999.9572 9999999.1499999997 9999999.4218 9999999.9157
9999999.9999999958 9999999.6324 9999999.5469 9999999.1576 9999999.4854 9999999.4218 9999999.9157 9999999.7922
9999999.1279999999 9999999.9999999975 9999999.9575 9999999.9799999996 9999999.8999999999999993 9999999.6787 9999999.7572 9999999.6999999929999999
9999999.9134 9999999.2785 9999999.9649 9999999.9572 9999999.4218 9999999.9999999958 9999999.6324 9999999.5469
9999999.6324 9999999.5469 9999999.1576 9999999.4854 9999999.9157 9999999.1279999999 9999999.9999999975 9999999.9575
9999999.5469 9999999.1576 9999999.4854 9999999.9157 9999999.7922 9999999.7782 9999999.4854 9999999.4218
9999999.1576 9999999.4854 9999999.9157 9999999.7922 9999999.7782 9999999.4854 9999999.4218 9999999.9157
9999999.4854 9999999.9157 9999999.7922 9999999.7782 9999999.4854 9999999.4218 9999999.9157 9999999.7922
9999999.9999999958 9999999.6324 9999999.5469 9999999.1576 9999999.4854 9999999.4218 9999999.9157 9999999.7922
9999999.1279999999 9999999.9999999975 9999999.9575 9999999.9799999996 9999999.8999999999999993 9999999.6787 9999999.7572 9999999.6999999929999999
9999999.9134 9999999.2785 9999999.9649 9999999.9572 9999999.4218 9999999.9999999958 9999999.6324 9999999.5469
9999999.6324 9999999.5469 9999999.1576 9999999.4854 9999999.9157 9999999.1279999999 9999999.9999999975 9999999.9575
9999999.5469 9999999.1576 9999999.4854 9999999.9157 9999999.7922 9999999.7782 9999999.4854 9999999.4218
9999999.1576 9999999.4854 9999999.9157 9999999.7922 9999999.7782 9999999.4854 9999999.4218 9999999.9157
9999999.4854 9999999.9157 9999999.7922 9999999.7782 9999999.4854 9999999.4218 9999999.9157 9999999.7922